[6] 3.4468999999999976 3.457799999999999 0.048482326325029135 0.037599999999999856 
[36] 2.235999999999999 2.2456999999999994 0.337238862644881 0.03419999999999934 
[66] 0.5489999999999995 0.5693000000000001 2.27983045601286 0.062399999999999345 
[96] 0.0 0.0 2.454653174150735 0.025999999999999357 
[126] 0.3830999999999989 0.38010000000000055 1.751172864693217 0.023199999999999665 
[156] 1.2594999999999992 1.2666000000000004 0.8072956575779244 0.036499999999999755 
[186] 1.2995999999999999 1.3094999999999999 0.0 0.03649999999999931 
[216] 0.8452000000000002 0.8329000000000004 0.2809156741714105 0.005999999999999783 
[246] 0.1183999999999994 0.14740000000000109 2.014429581700824 0.07199999999999918 
[276] 0.10029999999999895 0.11180000000000057 1.5218335988465697 0.03980000000000006 
[306] 1.2462999999999997 1.241200000000001 1.2631866147276014 0.0 
[336] 3.187099999999999 3.201699999999999 1.0674485088093206 0.05499999999999927 
