[24] 1.0225999999999988 1.0238999999999994 2.0197680388810113 0.035099999999999465 
[54] 0.0026999999999990365 0.00140000000000029 0.6859439411200583 0.025099999999999678 
[84] 0.7148999999999983 0.7162999999999986 1.8822103455895558 0.02200000000000024 
[114] 1.809800000000001 1.8161000000000005 3.138412681291811 0.03629999999999978 
[144] 0.9782999999999991 0.9796999999999993 1.9084323581773788 0.036599999999999966 
[174] 0.01559999999999917 0.0 0.0 0.0 
[204] 0.7423999999999982 0.7395000000000014 1.5411359921563417 0.017000000000000348 
[234] 1.8297000000000008 1.8476000000000017 3.9628016649512574 0.05250000000000021 
[264] 0.9515000000000011 0.9538999999999991 2.5634607140673324 0.03949999999999987 
[294] 0.0 0.0058000000000006935 0.6854844684712589 0.03500000000000014 
[324] 0.7799999999999994 0.7827999999999999 2.036303188186139 0.03299999999999992 
[354] 1.8358000000000008 1.8316 3.1759431216632947 0.01839999999999975 
